4638,1
5493,1
5544,1
6381,1
7357,1
8021,1
9937,1
10098,1
10643,1
10737,1
10982,1
11025,1
11337,1
11524,1
11597,1
11725,1
11951,1
12261,1
12275,1
12430,1
12455,1
12537,1
12766,1
12776,1
12813,1
12833,1
12958,1
13174,1
13473,1
13523,1
13581,1
13664,1
13687,1
13775,1
13788,1
13791,1
13834,1
13849,1
13865,1
13919,1
13978,1
14133,1
14163,1
14197,1
14248,1
14257,1
14279,1
14280,1
14293,1
14338,1
14371,1
14459,1
14500,1
14530,1
14545,1
14582,1
14585,1
14611,1
14628,1
14631,1
14649,1
14656,1
14753,1
14836,1
14838,1
14952,1
15081,1
15100,1
15141,1
15206,1
15364,1
15405,1
15424,1
15431,1
15501,1
15505,1
15531,1
15589,1
15898,1
15899,1
15977,1
16100,1
16114,1
16125,1
16145,1
16165,1
16176,1
16223,1
16253,1
16383,1
16423,1
16432,1
16506,1
16558,1
16616,1
16619,1
16706,1
16719,1
16739,1
16763,1
16840,1
16857,1
16862,1
16876,1
16931,1
16948,1
16978,1
17012,1
17049,1
17063,1
17078,1
17104,1
17107,1
17168,1
17196,1
17203,1
17234,1
17258,1
17405,1
17418,1
17430,1
17441,1
17469,1
17503,1
17522,1
17523,1
17555,1
17561,1
17659,1
17660,1
17690,1
17704,1
17720,1
17760,1
17777,1
17779,1
17782,1
17795,1
17845,1
17856,1
17877,1
17909,1
17922,1
17933,1
17957,1
18025,1
18056,1
18066,1
18119,1
18129,1
18134,1
18158,1
18159,1
18173,1
18188,1
18190,1
18243,1
18285,1
18299,1
18321,1
18336,1
18344,1
18358,1
18377,1
18388,1
18404,1
18433,1
18434,1
18443,1
18506,1
18549,1
18566,1
18568,1
18571,1
18605,1
18644,1
18662,1
18677,1
18680,1
18748,1
18777,1
18782,1
18820,1
18828,1
18836,1
18839,1
18896,1
18936,1
18937,1
18941,1
18945,1
18975,1
19025,1
19074,1
19082,1
19102,1
19105,1
19120,1
19242,1
19265,1
19295,1
19296,1
19354,1
19381,1
19398,1
19433,1
19447,1
19460,1
19483,1
19547,1
19575,1
19581,1
19587,1
19604,1
19607,1
19623,1
19628,1
19641,1
19679,1
19683,1
19687,1
19698,1
19703,1
19704,1
19727,1
19763,1
19828,1
19880,1
19887,1
19890,1
19953,1
19989,1
19991,1
20011,1
20043,1
20046,1
20068,1
20120,1
20127,1
20150,1
20152,1
20154,1
20176,1
20195,1
20205,1
20238,1
20251,1
20280,1
20281,1
20316,1
20318,1
20335,1
20336,1
20409,1
20449,1
20473,1
20504,1
20521,1
20531,1
20570,1
20602,1
20630,1
20648,1
20652,1
20703,1
20728,1
20740,1
20750,1
20786,1
20809,1
20851,1
20859,1
20923,1
20942,1
20949,1
20958,1
20962,1
20977,1
21032,1
21043,1
21060,1
21062,1
21066,1
21070,1
21074,1
21075,1
21088,1
21130,1
21181,1
21190,1
21191,1
21192,1
21218,1
21223,1
21240,1
21249,1
21254,1
21257,1
21294,1
21315,1
21339,1
21340,1
21342,1
21391,1
21400,1
21403,1
21427,1
21443,1
21500,1
21502,1
21522,1
21582,1
21583,1
21617,1
21618,1
21672,1
21679,1
21685,1
21688,1
21747,1
21771,1
21777,1
21805,1
21809,1
21832,1
21838,1
21928,1
21985,1
22017,1
22023,1
22025,1
22034,1
22044,1
22048,1
22063,1
22070,1
22083,1
22084,1
22094,1
22111,1
22114,1
22128,1
22139,1
22140,1
22151,1
22172,1
22218,1
22226,1
22228,1
22250,1
22253,1
22258,1
22327,1
22333,1
22337,1
22341,1
22357,1
22372,1
22375,1
22381,1
22382,1
22383,1
22391,1
22410,1
22414,1
22432,1
22441,1
22458,1
22470,1
22501,1
22530,1
22537,1
22543,1
22549,1
22563,1
22564,1
22568,1
22579,1
22592,1
22593,1
22602,1
22605,1
22631,1
22679,1
22700,1
22756,1
22768,1
22774,1
22775,1
22781,1
22788,1
22790,1
22804,1
22810,1
22816,1
22829,1
22832,1
22866,1
22887,1
22894,1
22901,1
22917,1
22925,1
22965,1
22990,1
23006,1
23007,1
23053,1
23060,1
23063,1
23066,1
23091,1
23139,1
23141,1
23159,1
23161,1
23210,1
23240,1
23243,1
23246,1
23288,1
23300,1
23303,1
23307,1
23326,1
23334,1
23366,1
23372,1
23374,1
23375,1
23395,1
23418,1
23450,1
23451,1
23454,1
23464,1
23466,1
23468,1
23484,1
23488,1
23493,1
23508,1
23514,1
23528,1
23530,1
23531,1
23549,1
23554,1
23560,1
23577,1
23578,1
23609,1
23642,1
23658,1
23677,1
23687,1
23719,1
23725,1
23771,1
23774,1
23781,1
23796,1
23813,1
23814,1
23818,1
23821,1
23837,1
23859,1
23878,1
23883,1
23886,1
23899,1
23934,1
23959,1
23964,1
23967,1
23973,1
23980,1
24031,1
24037,1
24047,1
24050,1
24052,1
24055,1
24061,1
24066,1
24104,1
24108,1
24120,1
24166,1
24168,1
24179,1
24192,1
24211,1
24212,1
24213,1
24254,1
24283,1
24298,1
24304,1
24308,1
24311,1
24313,1
24324,1
24326,1
24349,1
24364,1
24372,1
24377,1
24379,1
24386,1
24402,1
24423,1
24428,1
24429,1
24431,1
24437,1
24438,1
24449,1
24455,1
24481,1
24486,1
24497,1
24500,1
24539,1
24557,1
24567,1
24568,1
24578,1
24588,1
24593,1
24596,1
24597,1
24599,1
24612,1
24615,1
24616,1
24628,1
24643,1
24646,1
24652,1
24659,1
24677,1
24700,1
24701,1
24717,1
24718,1
24735,1
24750,1
24774,1
24781,1
24789,1
24796,1
24816,1
24853,1
24863,1
24901,1
24902,1
24922,1
24926,1
24951,1
24952,1
25004,1
25005,1
25006,1
25016,1
25018,1
25022,1
25027,1
25030,1
25038,1
25056,1
25057,1
25059,1
25067,1
25071,1
25085,1
25092,1
25093,1
25100,1
25116,1
25117,1
25140,1
25152,1
25258,1
25268,1
25269,1
25273,1
25325,1
25333,1
25334,1
25341,1
25351,1
25356,1
25363,1
25389,1
25398,1
25417,1
25421,1
25434,1
25443,1
25447,1
25449,1
25455,1
25457,1
25458,1
25476,1
25482,1
25499,1
25500,1
25518,1
25520,1
25524,1
25549,1
25555,1
25557,1
25563,1
25572,1
25582,1
25596,1
25599,1
25601,1
25603,1
25607,1
25624,1
25637,1
25655,1
25662,1
25667,1
25683,1
25687,1
25690,1
25717,1
25719,1
25776,1
25788,1
25789,1
25809,1
25822,1
25836,1
25838,1
25846,1
25857,1
25866,1
25880,1
25913,1
25922,1
25928,1
25935,1
25939,1
25947,1
25950,1
25954,1
25958,1
25977,1
25979,1
25980,1
26000,1
26006,1
26012,1
26017,1
26022,1
26032,1
26057,1
26093,1
26110,1
26111,1
26113,1
26131,1
26139,1
26146,1
26158,1
26165,1
26184,1
26231,1
26235,1
26237,1
26239,1
26244,1
26259,1
26263,1
26264,1
26266,1
26268,1
26285,1
26311,1
26326,1
26330,1
26335,1
26353,1
26355,1
26357,1
26361,1
26366,1
26368,1
26374,1
26376,1
26397,1
26405,1
26406,1
26410,1
26419,1
26424,1
26427,1
26431,1
26444,1
26447,1
26482,1
26484,1
26527,1
26534,1
26592,1
26597,1
26603,1
26613,1
26615,1
26625,1
26639,1
26651,1
26665,1
26691,1
26694,1
26696,1
26698,1
26702,1
26747,1
26761,1
26765,1
26797,1
26817,1
26823,1
26825,1
26827,1
26852,1
26854,1
26867,1
26900,1
26910,1
26913,1
26927,1
26932,1
26941,1
26943,1
26959,1
26970,1
26971,1
26976,1
26982,1
26997,1
27000,1
27010,1
27021,1
27042,1
27050,1
27085,1
27131,1
27143,1
27148,1
27153,1
27169,1
27176,1
27214,1
27215,1
27238,1
27239,1
27241,1
27243,1
27246,1
27258,1
27270,1
27275,1
27295,1
27302,1
27306,1
27315,1
27321,1
27333,1
27335,1
27337,1
27346,1
27354,1
27356,1
27360,1
27372,1
27388,1
27395,1
27399,1
27400,1
27411,1
27417,1
27426,1
27429,1
27432,1
27433,1
27449,1
27450,1
27453,1
27465,1
27467,1
27471,1
27499,1
27534,1
27547,1
27549,1
27552,1
27557,1
27573,1
27574,1
27585,1
27589,1
27598,1
27627,1
27636,1
27662,1
27664,1
27666,1
27683,1
27684,1
27686,1
27700,1
27716,1
27721,1
27728,1
27736,1
27737,1
27744,1
27750,1
27800,1
27810,1
27814,1
27817,1
27823,1
27827,1
27834,1
27858,1
27862,1
27865,1
27866,1
27877,1
27883,1
27899,1
27907,1
27924,1
27925,1
27930,1
27943,1
27959,1
27965,1
27969,1
27970,1
27983,1
27990,1
28001,1
28010,1
28028,1
28046,1
28057,1
28079,1
28086,1
28096,1
28104,1
28111,1
28112,1
28117,1
28122,1
28132,1
28151,1
28155,1
28175,1
28178,1
28185,1
28186,1
28191,1
28205,1
28211,1
28255,1
28265,1
28270,1
28294,1
28299,1
28308,1
28313,1
28317,1
28318,1
28324,1
28344,1
28353,1
28363,1
28373,1
28382,1
28384,1
28388,1
28389,1
28390,1
28408,1
28409,1
28410,1
28411,1
28427,1
28435,1
28438,1
28446,1
28450,1
28463,1
28465,1
28474,1
28484,1
28489,1
28494,1
28498,1
28517,1
28522,1
28535,1
28550,1
28552,1
28592,1
28603,1
28608,1
28619,1
28634,1
28659,1
28669,1
28676,1
28682,1
28712,1
28714,1
28718,1
28726,1
28735,1
28762,1
28768,1
28769,1
28788,1
28795,1
28809,1
28816,1
28823,1
28849,1
28852,1
28856,1
28857,1
28891,1
28915,1
28925,1
28930,1
28933,1
28940,1
28942,1
28945,1
28948,1
28959,1
28960,1
28962,1
28976,1
28987,1
28990,1
28994,1
28998,1
29003,1
29005,1
29007,1
29015,1
29019,1
29045,1
29049,1
29051,1
29055,1
29056,1
29059,1
29062,1
29063,1
29067,1
29070,1
29085,1
29088,1
29093,1
29110,1
29112,1
29121,1
29123,1
29135,1
29137,1
29140,1
29143,1
29165,1
29175,1
29177,1
29179,1
29194,1
29219,1
29234,1
29237,1
29246,1
29252,1
29256,1
29261,1
29279,1
29299,1
29313,1
29324,1
29327,1
29330,1
29350,1
29358,1
29365,1
29367,1
29369,1
29376,1
29379,1
29386,1
29387,1
29402,1
29409,1
29410,1
29416,1
29428,1
29431,1
29455,1
29468,1
29474,1
29476,1
29484,1
29486,1
29487,1
29488,1
29515,1
29524,1
29534,1
29555,1
29564,1
29570,1
29571,1
29575,1
29584,1
29585,1
29588,1
29590,1
29591,1
29614,1
29617,1
29640,1
29660,1
29669,1
29688,1
29692,1
29707,1
29723,1
29725,1
29736,1
29742,1
29751,1
29755,1
29765,1
29767,1
29769,1
29773,1
29778,1
29780,1
29784,1
29785,1
29792,1
29798,1
29801,1
29814,1
29816,1
29820,1
29828,1
29839,1
29866,1
29868,1
29874,1
29905,1
29907,1
29909,1
29917,1
29930,1
29949,1
29959,1
29963,1
29972,1
29981,1
29985,1
29990,1
29993,1
29996,1
29997,1
29999,1
30000,1
30013,1
30014,1
30021,1
30022,1
30032,1
30034,1
30041,1
30064,1
30074,1
30076,1
30083,1
30092,1
30109,1
30112,1
30117,1
30123,1
30140,1
30142,1
30152,1
30154,1
30160,1
30165,1
30170,1
30172,1
30185,1
30193,1
30204,1
30205,1
30214,1
30215,1
30221,1
30229,1
30234,1
30236,1
30237,1
30243,1
30254,1
30263,1
30268,1
30270,1
30285,1
30311,1
30317,1
30318,1
30327,1
30337,1
30338,1
30341,1
30351,1
30355,1
30365,1
30377,1
30380,1
30391,1
30394,1
30402,1
30403,1
30411,1
30415,1
30418,1
30438,1
30440,1
30442,1
30444,1
30446,1
30452,1
30454,1
30455,1
30484,1
30486,1
30501,1
30512,1
30521,1
30523,1
30527,1
30531,1
30537,1
30545,1
30548,1
30550,1
30555,1
30556,1
30562,1
30583,1
30587,1
30592,1
30604,1
30606,1
30608,1
30612,1
30616,1
30618,1
30629,1
30648,1
30653,1
30674,1
30686,1
30687,1
30691,1
30695,1
30696,1
30700,1
30701,1
30706,1
30720,1
30725,1
30734,1
30735,1
30739,1
30742,1
30746,1
30749,1
30752,1
30753,1
30756,1
30765,1
30776,1
30780,1
30783,1
30790,1
30796,1
30799,1
30812,1
30815,1
30827,1
30831,1
30843,1
30864,1
30883,1
30885,1
30891,1
30893,1
30895,1
30903,1
30916,1
30927,1
30938,1
30950,1
30959,1
30963,1
30968,1
30973,1
30990,1
30992,1
30993,1
31002,1
31003,1
31004,1
31012,1
31015,1
31019,1
31023,1
31027,1
31030,1
31053,1
31082,1
31094,1
31116,1
31120,1
31125,1
31129,1
31137,1
31159,1
31160,1
31162,1
31165,1
31172,1
31201,1
31208,1
31223,1
31236,1
31244,1
31246,1
31248,1
31250,1
31252,1
31264,1
31281,1
31284,1
31286,1
31293,1
31294,1
31296,1
31308,1
31322,1
31329,1
31337,1
31342,1
31346,1
31347,1
31353,1
31369,1
31375,1
31386,1
31390,1
31407,1
31410,1
31414,1
31417,1
31419,1
31421,1
31422,1
31424,1
31443,1
31467,1
31468,1
31471,1
31475,1
31480,1
31484,1
31486,1
31491,1
31492,1
31501,1
31503,1
31515,1
31518,1
31519,1
31522,1
31543,1
31544,1
31545,1
31546,1
31547,1
31552,1
31575,1
31586,1
31591,1
31614,1
31621,1
31626,1
31627,1
31636,1
31641,1
31647,1
31680,1
31681,1
31684,1
31689,1
31703,1
31715,1
31724,1
31730,1
31736,1
31741,1
31746,1
31761,1
31767,1
31771,1
31777,1
31784,1
31802,1
31806,1
31808,1
31809,1
31810,1
31814,1
31822,1
31825,1
31830,1
31842,1
31850,1
31851,1
31857,1
31860,1
31865,1
31866,1
31867,1
31887,1
31890,1
31901,1
31902,1
31905,1
31919,1
31922,1
31929,1
31942,1
31947,1
31963,1
31965,1
31970,1
31975,1
31977,1
31980,1
31996,1
32003,1
32007,1
32021,1
32022,1
32055,1
32059,1
32061,1
32063,1
32066,1
32075,1
32102,1
32115,1
32120,1
32122,1
32126,1
32127,1
32131,1
32133,1
32134,1
32146,1
32151,1
32153,1
32156,1
32157,1
32166,1
32167,1
32177,1
32178,1
32207,1
32208,1
32209,1
32218,1
32220,1
32230,1
32231,1
32237,1
32243,1
32246,1
32252,1
32268,1
32271,1
32274,1
32288,1
32293,1
32307,1
32309,1
32321,1
32326,1
32329,1
32331,1
32332,1
32334,1
32335,1
32338,1
32341,1
32350,1
32352,1
32365,1
32367,1
32368,1
32374,1
32385,1
32392,1
32394,1
32402,1
32429,1
32448,1
32451,1
32452,1
32461,1
32490,1
32494,1
32497,1
32507,1
32518,1
32529,1
32532,1
32533,1
32535,1
32537,1
32546,1
32550,1
32573,1
32584,1
32590,1
32593,1
32603,1
32614,1
32622,1
32635,1
32639,1
32640,1
32641,1
32643,1
32652,1
32659,1
32666,1
32684,1
32686,1
32690,1
32691,1
32706,1
32711,1
32716,1
32717,1
32718,1
32722,1
32734,1
32741,1
32747,1
32753,1
32760,1
32761,1
32762,1
32775,1
32781,1
32783,1
32790,1
32802,1
32818,1
32821,1
32825,1
32828,1
32831,1
32835,1
32846,1
32847,1
32849,1
32857,1
32858,1
32863,1
32880,1
32895,1
32905,1
32911,1
32922,1
32927,1
32935,1
32945,1
32949,1
32958,1
32960,1
32965,1
32966,1
32976,1
32979,1
32983,1
32987,1
32992,1
33005,1
33009,1
33010,1
33014,1
33020,1
33029,1
33030,1
33043,1
33046,1
33050,1
33052,1
33057,1
33063,1
33064,1
33075,1
33078,1
33089,1
33111,1
33112,1
33113,1
33115,1
33125,1
33127,1
33129,1
33135,1
33156,1
33157,1
33162,1
33166,1
33167,1
33172,1
33183,1
33195,1
33202,1
33206,1
33217,1
33220,1
33228,1
33237,1
33242,1
33247,1
33248,1
33256,1
33258,1
33261,1
33262,1
33267,1
33269,1
33273,1
33277,1
33298,1
33307,1
33317,1
33320,1
33328,1
33335,1
33340,1
33342,1
33344,1
33365,1
33373,1
33376,1
33382,1
33384,1
33391,1
33399,1
33402,1
33404,1
33405,1
33408,1
33419,1
33426,1
33428,1
33432,1
33439,1
33464,1
33470,1
33478,1
33483,1
33484,1
33485,1
33491,1
33495,1
33499,1
33519,1
33544,1
33557,1
33571,1
33580,1
33581,1
33584,1
33594,1
33599,1
33601,1
33611,1
33615,1
33621,1
33622,1
33626,1
33639,1
33641,1
33645,1
33664,1
33667,1
33671,1
33674,1
33683,1
33688,1
33693,1
33699,1
33710,1
33714,1
33725,1
33736,1
33743,1
33745,1
33750,1
33753,1
33758,1
33760,1
33763,1
33768,1
33775,1
33781,1
33782,1
33794,1
33799,1
33802,1
33809,1
33810,1
33811,1
33817,1
33830,1
33833,1
33836,1
33860,1
33865,1
33870,1
33872,1
33877,1
33880,1
33881,1
33883,1
33898,1
33902,1
33903,1
33906,1
33910,1
33911,1
33919,1
33947,1
33955,1
33973,1
33984,1
33990,1
33993,1
33995,1
34000,1
34007,1
34015,1
34016,1
34027,1
34037,1
34039,1
34040,1
34048,1
34051,1
34056,1
34080,1
34081,1
34083,1
34086,1
34093,1
34094,1
34098,1
34102,1
34107,1
34114,1
34118,1
34121,1
34134,1
34135,1
34145,1
34148,1
34157,1
34158,1
34161,1
34166,1
34168,1
34170,1
34176,1
34177,1
34183,1
34192,1
34211,1
34221,1
34222,1
34231,1
34233,1
34243,1
34244,1
34248,1
34259,1
34261,1
34268,1
34271,1
34276,1
34281,1
34285,1
34295,1
34319,1
34320,1
34326,1
34333,1
34343,1
34345,1
34360,1
34370,1
34372,1
34374,1
34376,1
34379,1
34380,1
34387,1
34413,1
34417,1
34418,1
34420,1
34428,1
34434,1
34445,1
34457,1
34464,1
34468,1
34469,1
34472,1
34474,1
34479,1
34482,1
34500,1
34502,1
34504,1
34507,1
34511,1
34512,1
34516,1
34518,1
34521,1
34526,1
34529,1
34536,1
34546,1
34552,1
34561,1
34580,1
34583,1
34587,1
34591,1
34596,1
34605,1
34612,1
34613,1
34619,1
34622,1
34630,1
34637,1
34640,1
34644,1
34649,1
34659,1
34664,1
34683,1
34685,1
34686,1
34688,1
34705,1
34707,1
34714,1
34715,1
34720,1
34721,1
34723,1
34726,1
34730,1
34732,1
34735,1
34740,1
34741,1
34747,1
34749,1
34754,1
34755,1
34788,1
34792,1
34807,1
34809,1
34815,1
34819,1
34821,1
34826,1
34835,1
34838,1
34847,1
34849,1
34851,1
34855,1
34861,1
34874,1
34881,1
34891,1
34902,1
34907,1
34918,1
34919,1
34920,1
34925,1
34932,1
34951,1
34964,1
34966,1
34970,1
34972,1
34975,1
34982,1
34984,1
34995,1
34997,1
35009,1
35013,1
35029,1
35034,1
35035,1
35049,1
35061,1
35063,1
35066,1
35068,1
35074,1
35077,1
35084,1
35090,1
35109,1
35115,1
35119,1
35123,1
35137,1
35143,1
35144,1
35147,1
35151,1
35169,1
35185,1
35188,1
35190,1
35192,1
35194,1
35195,1
35197,1
35198,1
35201,1
35203,1
35205,1
35207,1
35209,1
35217,1
35220,1
35233,1
35236,1
35243,1
35250,1
35265,1
35270,1
35276,1
35278,1
35283,1
35299,1
35302,1
35306,1
35311,1
35312,1
35313,1
35318,1
35325,1
35347,1
35349,1
35354,1
35359,1
35360,1
35366,1
35368,1
35372,1
35375,1
35383,1
35394,1
35395,1
35396,1
35397,1
35401,1
35402,1
35414,1
35420,1
35425,1
35435,1
35439,1
35447,1
35450,1
35471,1
35473,1
35478,1
35483,1
35500,1
35503,1
35506,1
35509,1
35511,1
35515,1
35517,1
35518,1
35531,1
35532,1
35535,1
35539,1
35541,1
35542,1
35543,1
35545,1
35550,1
35556,1
35566,1
35573,1
35577,1
35582,1
35587,1
35593,1
35633,1
35634,1
35635,1
35637,1
35638,1
35642,1
35661,1
35669,1
35681,1
35685,1
35696,1
35703,1
35711,1
35725,1
35734,1
35736,1
35742,1
35743,1
35748,1
35758,1
35763,1
35765,1
35774,1
35779,1
35782,1
35783,1
35798,1
35799,1
35800,1
35805,1
35807,1
35809,1
35812,1
35818,1
35821,1
35843,1
35846,1
35856,1
35860,1
35866,1
35868,1
35869,1
35870,1
35872,1
35873,1
35885,1
35890,1
35892,1
35893,1
35896,1
35900,1
35912,1
35917,1
35931,1
35940,1
35942,1
35944,1
35948,1
35951,1
35954,1
35958,1
35961,1
35964,1
35974,1
35976,1
35980,1
35985,1
35995,1
36007,1
36014,1
36021,1
36036,1
36046,1
36051,1
36057,1
36059,1
36065,1
36067,1
36081,1
36082,1
36084,1
36085,1
36091,1
36101,1
36114,1
36117,1
36121,1
36124,1
36125,1
36129,1
36131,1
36144,1
36145,1
36150,1
36152,1
36154,1
36155,1
36157,1
36158,1
36168,1
36171,1
36174,1
36185,1
36188,1
36191,1
36201,1
36215,1
36219,1
36224,1
36227,1
36229,1
36232,1
36251,1
36254,1
36258,1
36265,1
36266,1
36272,1
36292,1
36294,1
36295,1
36297,1
36299,1
36302,1
36310,1
36317,1
36327,1
36334,1
36343,1
36344,1
36348,1
36351,1
36352,1
36367,1
36370,1
36378,1
36385,1
36400,1
36409,1
36410,1
36420,1
36434,1
36440,1
36446,1
36448,1
36449,1
36450,1
36457,1
36460,1
36464,1
36476,1
36477,1
36480,1
36481,1
36484,1
36487,1
36509,1
36512,1
36521,1
36523,1
36528,1
36529,1
36535,1
36536,1
36537,1
36554,1
36561,1
36564,1
36565,1
36574,1
36576,1
36589,1
36594,1
36601,1
36605,1
36610,1
36614,1
36629,1
36638,1
36645,1
36647,1
36648,1
36650,1
36656,1
36661,1
36664,1
36665,1
36666,1
36672,1
36677,1
36681,1
36683,1
36685,1
36688,1
36693,1
36695,1
36706,1
36709,1
36717,1
36723,1
36729,1
36732,1
36743,1
36744,1
36747,1
36749,1
36750,1
36755,1
36764,1
36765,1
36767,1
36770,1
36780,1
36782,1
36792,1
36799,1
36814,1
36815,1
36816,1
36829,1
36831,1
36832,1
36833,1
36853,1
36867,1
36869,1
36872,1
36879,1
36881,1
36884,1
36888,1
36893,1
36894,1
36895,1
36909,1
36916,1
36927,1
36929,1
36931,1
36939,1
36941,1
36942,1
36945,1
36949,1
36951,1
36955,1
36960,1
36967,1
36969,1
36973,1
36977,1
36983,1
36984,1
36995,1
37001,1
37003,1
37009,1
37011,1
37014,1
37019,1
37021,1
37024,1
37052,1
37060,1
37079,1
37083,1
37088,1
37089,1
37100,1
37117,1
37122,1
37125,1
37127,1
37134,1
37143,1
37146,1
37149,1
37152,1
37167,1
37175,1
37179,1
37188,1
37194,1
37196,1
37197,1
37198,1
37202,1
37204,1
37206,1
37211,1
37215,1
37217,1
37223,1
37225,1
37228,1
37232,1
37240,1
37244,1
37247,1
37249,1
37258,1
37259,1
37270,1
37271,1
37276,1
37280,1
37282,1
37283,1
37289,1
37292,1
37315,1
37326,1
37330,1
37336,1
37337,1
37347,1
37348,1
37351,1
37354,1
37357,1
37359,1
37365,1
37377,1
37379,1
37386,1
37393,1
37394,1
37395,1
37396,1
37398,1
37403,1
37407,1
37415,1
37426,1
37428,1
37429,1
37432,1
37434,1
37436,1
37442,1
37453,1
37461,1
37483,1
37489,1
37494,1
37502,1
37504,1
37507,1
37509,1
37512,1
37514,1
37522,1
37529,1
37530,1
37540,1
37544,1
37554,1
37559,1
37562,1
37566,1
37576,1
37585,1
37588,1
37589,1
37590,1
37592,1
37596,1
37602,1
37603,1
37612,1
37614,1
37633,1
37636,1
37640,1
37641,1
37642,1
37645,1
37647,1
37664,1
37680,1
37682,1
37694,1
37699,1
37703,1
37705,1
37707,1
37720,1
37726,1
37727,1
37728,1
37729,1
37735,1
37739,1
37745,1
37750,1
37753,1
37756,1
37761,1
37762,1
37767,1
37777,1
37778,1
37784,1
37786,1
37788,1
37791,1
37802,1
37804,1
37805,1
37812,1
37818,1
37823,1
37831,1
37838,1
37847,1
37850,1
37851,1
37863,1
37867,1
37872,1
37873,1
37877,1
37883,1
37886,1
37892,1
37895,1
37897,1
37908,1
37911,1
37913,1
37916,1
37918,1
37939,1
37940,1
37943,1
37955,1
37971,1
37980,1
37985,1
37988,1
37989,1
38004,1
38007,1
38011,1
38021,1
38023,1
38035,1
38040,1
38044,1
38050,1
38051,1
38056,1
38058,1
38068,1
38071,1
38076,1
38086,1
38089,1
38092,1
38099,1
38108,1
38110,1
38114,1
38118,1
38120,1
38131,1
38132,1
38133,1
38134,1
38140,1
38152,1
38153,1
38156,1
38159,1
38164,1
38175,1
38177,1
38178,1
38180,1
38181,1
38190,1
38191,1
38199,1
38202,1
38209,1
38226,1
38230,1
38232,1
38235,1
38237,1
38240,1
38242,1
38243,1
38249,1
38254,1
38262,1
38264,1
38265,1
38267,1
38269,1
38270,1
38292,1
38298,1
38300,1
38303,1
38311,1
38323,1
38333,1
38334,1
38336,1
38341,1
38343,1
38348,1
38353,1
38377,1
38378,1
38382,1
38388,1
38393,1
38399,1
38406,1
38407,1
38409,1
38411,1
38413,1
38414,1
38415,1
38416,1
38426,1
38430,1
38431,1
38436,1
38437,1
38443,1
38446,1
38447,1
38450,1
38452,1
38455,1
38464,1
38465,1
38466,1
38469,1
38471,1
38475,1
38482,1
38484,1
38489,1
38492,1
38497,1
38498,1
38500,1
38505,1
38512,1
38513,1
38521,1
38529,1
38532,1
38539,1
38546,1
38552,1
38555,1
38557,1
38559,1
38564,1
38565,1
38569,1
38570,1
38571,1
38575,1
38583,1
38584,1
38591,1
38599,1
38600,1
38604,1
38605,1
38610,1
38612,1
38613,1
38614,1
38619,1
38621,1
38622,1
38623,1
38624,1
38626,1
38631,1
38632,1
38639,1
38660,1
38661,1
38662,1
38666,1
38667,1
38674,1
38675,1
38685,1
38690,1
38692,1
38700,1
38701,1
38706,1
38708,1
38709,1
38711,1
38712,1
38719,1
38727,1
38729,1
38731,1
38733,1
38735,1
38736,1
38756,1
38762,1
38767,1
38769,1
38774,1
38779,1
38793,1
38798,1
38806,1
38811,1
38817,1
38818,1
38819,1
38821,1
38826,1
38828,1
38843,1
38845,1
38849,1
38851,1
38859,1
38863,1
38869,1
38870,1
38872,1
38873,1
38874,1
38875,1
38876,1
38879,1
38880,1
38884,1
38888,1
38890,1
38905,1
38911,1
38925,1
38930,1
38939,1
38941,1
38944,1
38950,1
38955,1
38956,1
38962,1
38968,1
38976,1
38979,1
38982,1
38985,1
38990,1
38995,1
39005,1
39007,1
39008,1
39024,1
39046,1
39049,1
39057,1
39061,1
39064,1
39065,1
39074,1
39086,1
39091,1
39094,1
39096,1
39097,1
39106,1
39108,1
39111,1
39122,1
39131,1
39140,1
39159,1
39165,1
39176,1
39178,1
39180,1
39186,1
39188,1
39193,1
39196,1
39197,1
39199,1
39207,1
39219,1
39226,1
39230,1
39240,1
39242,1
39248,1
39268,1
39272,1
39276,1
39288,1
39289,1
39294,1
39295,1
39298,1
39301,1
39305,1
39307,1
39315,1
39317,1
39318,1
39322,1
39324,1
39325,1
39327,1
39328,1
39330,1
39338,1
39343,1
39344,1
39345,1
39346,1
39348,1
39350,1
39359,1
39362,1
39363,1
39366,1
39375,1
39379,1
39384,1
39391,1
39398,1
39402,1
39404,1
39405,1
39406,1
39412,1
39414,1
39432,1
39442,1
39444,1
39446,1
39464,1
39471,1
39472,1
39473,1
39475,1
39476,1
39477,1
39485,1
39497,1
39503,1
39504,1
39512,1
39513,1
39514,1
39522,1
39525,1
39528,1
39530,1
39534,1
39539,1
39545,1
39550,1
39552,1
39554,1
39555,1
39557,1
39559,1
39569,1
39572,1
39577,1
39581,1
39582,1
39584,1
39586,1
39593,1
39599,1
39607,1
39608,1
39610,1
39619,1
39620,1
39625,1
39631,1
39633,1
39636,1
39640,1
39642,1
39653,1
39655,1
39660,1
39677,1
39679,1
39682,1
39687,1
39690,1
39692,1
39693,1
39699,1
39711,1
39722,1
39741,1
39746,1
39749,1
39754,1
39759,1
39770,1
39775,1
39776,1
39777,1
39780,1
39789,1
39791,1
39792,1
39793,1
39799,1
39811,1
39813,1
39819,1
39824,1
39831,1
39834,1
39836,1
39842,1
39843,1
39845,1
39846,1
39849,1
39850,1
39851,1
39852,1
39853,1
39857,1
39859,1
39861,1
39863,1
39869,1
39872,1
39874,1
39876,1
39878,1
39883,1
39884,1
39890,1
39891,1
39897,1
39898,1
39899,1
39902,1
39907,1
39914,1
39919,1
39923,1
39926,1
39928,1
39935,1
39937,1
39939,1
39943,1
39946,1
39947,1
39960,1
39966,1
39970,1
39974,1
39978,1
39984,1
39988,1
39989,1
39994,1
39995,1
39998,1
40001,1
40005,1
40006,1
40010,1
40012,1
40017,1
40033,1
40038,1
40039,1
40045,1
40048,1
40068,1
40077,1
40079,1
40080,1
40093,1
40096,1
40098,1
40114,1
40116,1
40121,1
40123,1
40126,1
40134,1
40142,1
40149,1
40155,1
40161,1
40165,1
40167,1
40172,1
40174,1
40178,1
40180,1
40183,1
40193,1
40198,1
40199,1
40202,1
40203,1
40204,1
40206,1
40207,1
40208,1
40213,1
40215,1
40227,1
40232,1
40237,1
40238,1
40241,1
40243,1
40245,1
40247,1
40250,1
40253,1
40255,1
40256,1
40259,1
40262,1
40263,1
40264,1
40273,1
40274,1
40275,1
40276,1
40287,1
40290,1
40308,1
40309,1
40310,1
40312,1
40313,1
40316,1
40319,1
40325,1
40335,1
40337,1
40341,1
40342,1
40345,1
40346,1
40348,1
40349,1
40356,1
40359,1
40362,1
40363,1
40365,1
40371,1
40377,1
40378,1
40379,1
40381,1
40387,1
40394,1
40398,1
40402,1
40405,1
40408,1
40417,1
40419,1
40425,1
40431,1
40443,1
40450,1
40451,1
40457,1
40462,1
40470,1
40473,1
40479,1
40480,1
40481,1
40483,1
40487,1
40495,1
40498,1
40502,1
40508,1
40512,1
40524,1
40525,1
40529,1
40531,1
40532,1
40536,1
40538,1
40540,1
40544,1
40547,1
40555,1
40563,1
40565,1
40574,1
40579,1
40581,1
40586,1
40587,1
40588,1
40590,1
40591,1
40598,1
40599,1
40602,1
40603,1
40606,1
40612,1
40617,1
40618,1
40630,1
40631,1
40632,1
40633,1
40634,1
40642,1
40649,1
40652,1
40653,1
40655,1
40665,1
40668,1
40686,1
40696,1
40701,1
40702,1
40703,1
40704,1
40706,1
40711,1
40722,1
40727,1
40734,1
40735,1
40738,1
40743,1
40749,1
40750,1
40754,1
40763,1
40771,1
40772,1
40773,1
40783,1
40800,1
40808,1
40810,1
40829,1
40831,1
40837,1
40841,1
40842,1
40844,1
40845,1
40848,1
40849,1
40852,1
40854,1
40858,1
40862,1
40863,1
40864,1
40865,1
40875,1
40886,1
40887,1
40891,1
40892,1
40895,1
40899,1
40901,1
40924,1
40925,1
40927,1
40929,1
40934,1
40943,1
40951,1
40952,1
40955,1
40964,1
40984,1
40988,1
40995,1
40998,1
41000,1
41006,1
41009,1
41014,1
41015,1
41016,1
41020,1
41022,1
41023,1